AttName,sum_count_assignment_upload,sum_count_assignment_view,sum_count_course_view,sum_count_forum_add_discussion,sum_count_forum_add_post,sum_count_forum_view_discussion,sum_count_forum_view_forum,sum_count_quiz_attempt,sum_count_quiz_review,sum_count_quiz_view,sum_count_scele_resource_view,sum_count_content_access_view,snr_count_assignment_view,snr_count_course_view,snr_count_forum_view_discussion,snr_count_quiz_view,snr_count_scele_resource_view,min_diff_enrol_all_course,snr_diff_course_view,snr_diff_scele_resource_view,asgn_rcpmean_diff_first_view_time_available_created,asgn_mean_diff_time_due_first_submit,quiz_rcpmean_diff_first_view_time_open_created,quiz_mean_diff_time_finish_time_start
sum_count_assignment_upload,100,0.546763446,0.244362564,0.003061504,0.12618285,0.166586295,0.195276265,0.280712748,0.242067438,0.293645738,0.05156853,-0.004740568,0.378031993,0.469259405,0.318817349,0.408478022,0.372861452,0.060873584,0.236855675,0.32031604,0.012868782,0.144971558,0.01094175,0.095921844
sum_count_assignment_view,0.546763446,100,0.463536551,0.101243733,0.258382326,0.407804711,0.444105794,0.354090656,0.36546344,0.419925778,0.183666383,0.046200244,0.428501705,0.546469729,0.48963995,0.523042072,0.413202648,-0.073717902,0.185219538,0.274588214,0.095160576,0.103632122,0.088341894,0.075494024
sum_count_course_view,0.244362564,0.463536551,100,0.1726201,0.297142467,0.540484318,0.537719028,0.447755337,0.457898894,0.546083019,0.612478831,0.25661551,0.337021564,0.495013258,0.506479158,0.469641697,0.400141554,-0.183582017,0.001194132,0.082235558,0.038481962,0.098728653,0.166468176,0.155978927
sum_count_forum_add_discussion,0.003061504,0.101243733,0.1726201,100,0.438926188,0.374354961,0.426170871,0.072461391,0.067731779,0.132155228,0.073056195,-0.027515377,0.146701192,0.115411656,0.170669527,0.098575283,0.005854004,0.029699227,0.033541438,0.014005446,0.063050694,0.134013887,0.112907149,0.037177058
sum_count_forum_add_post,0.12618285,0.258382326,0.297142467,0.438926188,100,0.771417345,0.632913368,0.179051057,0.180247431,0.265408147,0.046264737,-0.043960436,0.242540853,0.235984971,0.296237889,0.214938898,0.16129819,-0.08134089,0.098465637,0.189266977,0.210583079,0.232032181,0.22192733,0.060939986
sum_count_forum_view_discussion,0.166586295,0.407804711,0.540484318,0.374354961,0.771417345,100,0.828597842,0.29829574,0.304924315,0.391032035,0.217532509,-0.027977233,0.260544331,0.33466119,0.512275696,0.335531529,0.244199976,-0.187611004,0.100100212,0.194658317,0.14153702,0.180395868,0.192690712,0.095448212
sum_count_forum_view_forum,0.195276265,0.444105794,0.537719028,0.426170871,0.632913368,0.828597842,100,0.316932061,0.328703341,0.420331159,0.168549986,-0.06159449,0.273754583,0.358900611,0.512008916,0.374856679,0.219326114,-0.159669778,0.101395651,0.183169465,0.136745659,0.149870739,0.192393016,0.075335247
sum_count_quiz_attempt,0.280712748,0.354090656,0.447755337,0.072461391,0.179051057,0.29829574,0.316932061,100,0.891449254,0.799683774,0.25376155,0.109449155,0.347210659,0.485464922,0.329671963,0.499836945,0.279706645,-0.061456951,0.155388887,0.229241718,0.145336032,0.079576615,0.200783286,-0.067279763
sum_count_quiz_review,0.242067438,0.36546344,0.457898894,0.067731779,0.180247431,0.304924315,0.328703341,0.891449254,100,0.788062859,0.22095878,0.133973536,0.294488817,0.476756854,0.326726685,0.483032088,0.257615773,-0.107144359,0.120553454,0.176073097,0.129654869,0.070564549,0.190701119,-0.113104615
sum_count_quiz_view,0.293645738,0.419925778,0.546083019,0.132155228,0.265408147,0.391032035,0.420331159,0.799683774,0.788062859,100,0.279601678,0.101277893,0.349707212,0.510535313,0.381879809,0.591463958,0.328049218,-0.173475343,0.170177745,0.256016158,0.176082301,0.131314128,0.320191465,0.120621839
sum_count_scele_resource_view,0.05156853,0.183666383,0.612478831,0.073056195,0.046264737,0.217532509,0.168549986,0.25376155,0.22095878,0.279601678,100,0.508619958,0.181132329,0.232014661,0.300411258,0.27379308,0.213793554,-0.078069507,-0.08262414,-0.249358743,-0.021176865,-0.073934894,0.109372842,0.101372201
sum_count_content_access_view,-0.004740568,0.046200244,0.25661551,-0.027515377,-0.043960436,-0.027977233,-0.06159449,0.109449155,0.133973536,0.101277893,0.508619958,100,0.105500717,0.057457889,0.130151502,0.09719071,0.045738936,-0.031509859,-0.092074173,-0.251039017,-0.068000755,-0.063785921,0.011888756,0.099347503
snr_count_assignment_view,0.378031993,0.428501705,0.337021564,0.146701192,0.242540853,0.260544331,0.273754583,0.347210659,0.294488817,0.349707212,0.181132329,0.105500717,100,0.620702834,0.314387473,0.534883782,0.453943445,-0.090132829,0.40493952,0.414383571,0.09249206,0.142091124,0.147775826,0.225031196
snr_count_course_view,0.469259405,0.546469729,0.495013258,0.115411656,0.235984971,0.33466119,0.358900611,0.485464922,0.476756854,0.510535313,0.232014661,0.057457889,0.620702834,100,0.544664843,0.695693679,0.590094294,-0.244689188,0.439981786,0.435253258,0.133601179,0.229567278,0.148929072,0.247075454
snr_count_forum_view_discussion,0.318817349,0.48963995,0.506479158,0.170669527,0.296237889,0.512275696,0.512008916,0.329671963,0.326726685,0.381879809,0.300411258,0.130151502,0.314387473,0.544664843,100,0.504900191,0.35809642,-0.161503068,0.232603468,0.267052771,0.151716964,0.225482843,0.191474099,0.155027186
snr_count_quiz_view,0.408478022,0.523042072,0.469641697,0.098575283,0.214938898,0.335531529,0.374856679,0.499836945,0.483032088,0.591463958,0.27379308,0.09719071,0.534883782,0.695693679,0.504900191,100,0.424075182,-0.217231563,0.44198827,0.392647783,0.149764808,0.202726628,0.207813951,0.244101102
snr_count_scele_resource_view,0.372861452,0.413202648,0.400141554,0.005854004,0.16129819,0.244199976,0.219326114,0.279706645,0.257615773,0.328049218,0.213793554,0.045738936,0.453943445,0.590094294,0.35809642,0.424075182,100,-0.141199772,0.326287835,0.448095375,0.048418915,0.15028288,0.044698695,0.183186718
min_diff_enrol_all_course,0.060873584,-0.073717902,-0.183582017,0.029699227,-0.08134089,-0.187611004,-0.159669778,-0.061456951,-0.107144359,-0.173475343,-0.078069507,-0.031509859,-0.090132829,-0.244689188,-0.161503068,-0.217231563,-0.141199772,100,-0.131800832,-0.140618231,-0.058833903,-0.086154779,-0.03283938,-0.089938214
snr_diff_course_view,0.236855675,0.185219538,0.001194132,0.033541438,0.098465637,0.100100212,0.101395651,0.155388887,0.120553454,0.170177745,-0.08262414,-0.092074173,0.40493952,0.439981786,0.232603468,0.44198827,0.326287835,-0.131800832,100,0.620846097,0.199672973,0.217355039,0.153873564,0.203258015
snr_diff_scele_resource_view,0.32031604,0.274588214,0.082235558,0.014005446,0.189266977,0.194658317,0.183169465,0.229241718,0.176073097,0.256016158,-0.249358743,-0.251039017,0.414383571,0.435253258,0.267052771,0.392647783,0.448095375,-0.140618231,0.620846097,100,0.153356178,0.250069654,0.133255237,0.12924716
asgn_rcpmean_diff_first_view_time_available_created,0.012868782,0.095160576,0.038481962,0.063050694,0.210583079,0.14153702,0.136745659,0.145336032,0.129654869,0.176082301,-0.021176865,-0.068000755,0.09249206,0.133601179,0.151716964,0.149764808,0.048418915,-0.058833903,0.199672973,0.153356178,100,0.321432656,0.584146542,0.033169901
asgn_mean_diff_time_due_first_submit,0.144971558,0.103632122,0.098728653,0.134013887,0.232032181,0.180395868,0.149870739,0.079576615,0.070564549,0.131314128,-0.073934894,-0.063785921,0.142091124,0.229567278,0.225482843,0.202726628,0.15028288,-0.086154779,0.217355039,0.250069654,0.321432656,100,0.305901133,0.06815688
quiz_rcpmean_diff_first_view_time_open_created,0.01094175,0.088341894,0.166468176,0.112907149,0.22192733,0.192690712,0.192393016,0.200783286,0.190701119,0.320191465,0.109372842,0.011888756,0.147775826,0.148929072,0.191474099,0.207813951,0.044698695,-0.03283938,0.153873564,0.133255237,0.584146542,0.305901133,100,0.14582866
quiz_mean_diff_time_finish_time_start,0.095921844,0.075494024,0.155978927,0.037177058,0.060939986,0.095448212,0.075335247,-0.067279763,-0.113104615,0.120621839,0.101372201,0.099347503,0.225031196,0.247075454,0.155027186,0.244101102,0.183186718,-0.089938214,0.203258015,0.12924716,0.033169901,0.06815688,0.14582866,100
